01
10
0123
0132
0213
0231
0312
0321
1023
1032
1203
1230
1320
1302
2013
2031
2103
2130
2301
2310
3012
3021
3102
3120
3201
3210
01|23
012345
012354
012435
012453
012543
012534
013245
013254
013425
013452
013542
013524
014325
014352
014235
014253
014523
014532
015342
015324
015432
015423
015243
015234
021345
021354
021435
021453
021543
021534
023145
023154
023415
023451
023541
023514
024315
024351
024135
024153
024513
024531
025341
025314
025431
025413
025143
025134
032145
032154
032415
032451
032541
032514
031245
031254
031425
031452
031542
031524
034125
034152
034215
034251
034521
034512
035142
035124
035412
035421
035241
035214
042315
042351
042135
042153
042513
042531
043215
043251
043125
043152
043512
043521
041325
041352
041235
041253
041523
041532
045312
045321
045132
045123
045213
045231
052341
052314
052431
052413
052143
052134
053241
053214
053421
053412
053142
053124
054321
054312
054231
054213
054123
054132
051342
051324
051432
051423
051243
051234
102345
102354
102435
102453
102543
102534
103245
103254
103425
103452
103542
103524
104325
104352
104235
104253
104523
104532
105342
105324
105432
105423
105243
105234
120345
120354
120435
120453
120543
120534
123045
123054
123405
123504
124305
124035
124053
124503
125304
125403
125043
125034
132045
132054
132405
132504
130245
130254
130425
130452
130542
130524
134025
134052
134205
134502
135042
135024
135402
135204
142305
142035
142053
142503
143205
143025
143052
143502
140325
140352
140235
140253
140523
140532
145302
145032
145023
145203
152304
152403
152043
152034
153204
153402
153042
153024
154302
154203
154023
154032
150342
150324
150432
150423
150243
150234
210345
210354
210435
210453
210543
210534
213045
213054
213405
213504
214305
214035
214053
214503
215304
215403
215043
215034
201345
201354
201435
201453
201543
201534
203145
203154
203415
203514
204315
204135
204153
204513
205314
205413
205143
205134
230145
230154
230415
230514
231045
231054
231405
231504
234105
234015
235104
235014
240315
240135
240153
240513
243015
243105
241305
241035
241053
241503
245103
245013
250314
250413
250143
250134
253014
253104
254013
254103
251304
251403
251043
251034
312045
312054
312405
312504
310245
310254
310425
310524
314025
314205
315024
315204
321045
321054
321405
321504
320145
320154
320415
320514
324015
324105
325014
325104
302145
302154
302415
302514
301245
301254
301425
301524
304125
304215
305124
305214
342015
342105
340215
340125
341025
341205
352014
352104
350214
350124
351024
351204
412305
412035
413205
413025
410325
410235
421305
421035
423105
423015
420315
420135
432105
432015
431205
431025
430125
430215
402315
402135
403215
403125
401325
401235
01|23|45
01|45|23
01|2345
23|01|45
23|45|01
23|0145
45|01|23
45|23|01
45|0123

